%YAML:1.0

#common parameters
#support: 1 imu 1 cam; 1 imu 2 cam: 2 cam; 
imu: 1         
num_of_cam: 2  

imu_topic: "/djiros/imu"
image0_topic: "/djiros/image0"
image1_topic: "/djiros/image1"
output_path: "/home/dji/output/"

cam0_calib: "left.yaml"
cam1_calib: "right.yaml"
image_width: 752
image_height: 480
   

# Extrinsic parameter between IMU and Camera.
estimate_extrinsic: 0   # 0  Have an accurate extrinsic parameters. We will trust the following imu^R_cam, imu^T_cam, don't change it.
                        # 1  Have an initial guess about extrinsic parameters. We will optimize around your initial guess.

body_T_cam0: !!opencv-matrix
   rows: 4
   cols: 4
   dt: d
   data: [ -1.2978466293754876e-02, -2.8823593442589002e-03,
       9.9991162180328352e-01, 1.0840281695082427e-01,
       -9.9977902796444118e-01, -1.6500381942464504e-02,
      -1.3024309510702936e-02, 4.6025986685176420e-02,
       1.6536464408683782e-02, -9.9985970485881848e-01,
       -2.6675727725731235e-03, 9.5773503608929597e-03, 0., 0., 0., 1. ]

body_T_cam1: !!opencv-matrix
   rows: 4
   cols: 4
   dt: d
   data: [ 3.8438186626956750e-03, 3.8548785274999942e-03,
       9.9998518237503231e-01, 1.0503308005217590e-01,
       -9.9999234378208823e-01, -7.1828219380032365e-04,
       3.8466151218882194e-03, -7.3358309157625576e-02,
       7.3309978460117664e-04, -9.9999231196156113e-01,
       3.8520880672083813e-03, 6.0822914455093118e-03, 0., 0., 0., 1. ]

#Multiple thread support
multiple_thread: 1
#Gpu accleration support
use_gpu: 1
use_gpu_acc_flow: 0

#feature traker paprameters
max_cnt: 200            # max feature number in feature tracking
min_dist: 30            # min distance between two features 
freq: 10                # frequence (Hz) of publish tracking result. At least 10Hz for good estimation. If set 0, the frequence will be same as raw image 
F_threshold: 1.0        # ransac threshold (pixel)
show_track: 0           # publish tracking image as topic
flow_back: 1            # perform forward and backward optical flow to improve feature tracking accuracy

#optimization parameters
max_solver_time: 0.04  # max solver itration time (ms), to guarantee real time
max_num_iterations: 8   # max solver itrations, to guarantee real time
keyframe_parallax: 10.0 # keyframe selection threshold (pixel)

#imu parameters       The more accurate parameters you provide, the better performance
acc_n: 0.1          # accelerometer measurement noise standard deviation. #0.2   0.04
gyr_n: 0.01         # gyroscope measurement noise standard deviation.     #0.05  0.004
acc_w: 0.001         # accelerometer bias random work noise standard deviation.  #0.002
gyr_w: 0.0001       # gyroscope bias random work noise standard deviation.     #4.0e-5
g_norm: 9.805         # gravity magnitude

#unsynchronization parameters
estimate_td: 1                      # online estimate time offset between camera and imu
td: 0.00                             # initial value of time offset. unit: s. readed image clock + td = real image clock (IMU clock)

#loop closure parameters
load_previous_pose_graph: 0        # load and reuse previous pose graph; load from 'pose_graph_save_path'
pose_graph_save_path: "/home/dji/output/pose_graph/" # save and load path
save_image: 0                   # save image in pose graph for visualization prupose; you can close this function by setting 0 
