%YAML:1.0
---
model_type: POLYFISHEYE
camera_name: ptgrey_17591763
image_width: 1280
image_height: 1024
projection_parameters:
   k2: -3.3019273194883876e-03
   k3: -6.9396079376786053e-03
   k4: 1.3965404887184847e-02
   k5: -2.4510355098586897e-02
   k6: 1.6570761559153907e-02
   k7: -4.4637331447272346e-03
   p1: 0.
   p2: 0.
   A11: 2.4744714873522395e+02
   A12: 6.1467835351575132e-03
   A22: 2.4724916195240112e+02
   u0: 6.2681907596840779e+02
   v0: 5.2076393473138626e+02
   isFast: 0
   numDiff: 3000
   maxIncidentAngle: 120
