%YAML:1.0
---
R: !!opencv-matrix
   rows: 3
   cols: 3
   dt: d
   data: [ 9.9991240967350092e-01, 4.7769338526564217e-03,
       -1.2343171549499937e-02, -4.6394310852639099e-03,
       9.9992713291511037e-01, 1.1144709030402782e-02,
       1.2395509676416129e-02, -1.1086467567923097e-02,
       9.9986171122647105e-01 ]
T: !!opencv-matrix
   rows: 3
   cols: 1
   dt: d
   data: [ -1.1445251274025157e-01, -1.3671936825193059e-04,
       7.7949029191531740e-03 ]
