%YAML:1.0
---
R: !!opencv-matrix
   rows: 3
   cols: 3
   dt: d
   data: [ 9.9999506867721166e-01, -1.7996816236870803e-03,
       -2.5736680654787174e-03, 1.8172937729134012e-03,
       9.9997483696626865e-01, 6.8573229198531241e-03,
       2.5612623061358379e-03, -6.8619662151291859e-03,
       9.9997317631777571e-01 ]
T: !!opencv-matrix
   rows: 3
   cols: 1
   dt: d
   data: [ -1.1334783610463546e-01, 1.1494491423896875e-02,
       1.3427642889381810e-02 ]
