%YAML:1.0
---
R: !!opencv-matrix
   rows: 3
   cols: 3
   dt: d
   data: [ 9.9986209570325479e-01, 1.0157340052624550e-02,
       1.3138417673031434e-02, -1.0219878742577069e-02,
       9.9993672234671394e-01, 4.7016359916094578e-03,
       -1.3089830189222943e-02, -4.8352606512922502e-03,
       9.9990263355991371e-01 ]
T: !!opencv-matrix
   rows: 3
   cols: 1
   dt: d
   data: [ -1.1288530075990275e-01, 2.0074779160626215e-02,
       3.7508652682437496e-03 ]
