%YAML:1.0
---
model_type: POLYFISHEYE
camera_name: ptgrey_17591762
image_width: 1280
image_height: 1024
projection_parameters:
   k2: 2.6061234550939071e-02
   k3: -1.1392834990386734e-01
   k4: 1.8022063440844410e-01
   k5: -1.5228545222337542e-01
   k6: 6.4253610747452519e-02
   k7: -1.1377945450398592e-02
   p1: 0.
   p2: 0.
   A11: 2.4751185041948526e+02
   A12: 5.3836906448843175e-02
   A22: 2.4742924334272900e+02
   u0: 6.1812411104322121e+02
   v0: 5.2229661730373778e+02
   isFast: 0
   numDiff: 3000
   maxIncidentAngle: 120
